23
74	BREW	-3	-1	-1	-1	17	3	4	0	0
71	BREW	-2	0	-2	-2	18	1	4	0	0
52	BREW	-3	0	0	-2	11	0	0	0	0
66	BREW	-2	-1	0	-1	9	0	0	0	0
47	BREW	-3	0	-2	0	9	0	0	0	0
78	CAST	2	0	0	0	0	-1	-1	1	0
79	CAST	-1	1	0	0	0	-1	-1	1	0
80	CAST	0	-1	1	0	0	-1	-1	1	0
81	CAST	0	0	-1	1	0	-1	-1	1	0
41	LEARN	0	0	2	-1	0	0	0	0	1
39	LEARN	0	0	-2	2	0	1	0	0	1
11	LEARN	-4	0	2	0	0	2	0	0	1
6	LEARN	2	1	-2	1	0	3	0	0	1
24	LEARN	0	3	0	-1	0	4	0	0	1
16	LEARN	1	0	1	0	0	5	0	0	0
82	OPPONENT_CAST	2	0	0	0	0	-1	-1	1	0
83	OPPONENT_CAST	-1	1	0	0	0	-1	-1	1	0
84	OPPONENT_CAST	0	-1	1	0	0	-1	-1	1	0
85	OPPONENT_CAST	0	0	-1	1	0	-1	-1	1	0
3	0	0	0	0
3	0	0	0	0
